%YAML:1.0
---
vocabulary: !!opencv-matrix
   rows: 8
   cols: 128
   dt: f
   data: [ 2.26147194e+01, 2.14891777e+01, 2.14805202e+01,
       1.87878780e+01, 1.67229443e+01, 1.11212120e+01, 1.28181820e+01,
       1.62251091e+01, 3.03852806e+01, 2.27359314e+01, 2.26623383e+01,
       1.72510815e+01, 1.45670996e+01, 1.88181820e+01, 2.84848480e+01,
       3.33766251e+01, 2.21038952e+01, 1.93852806e+01, 2.02294369e+01,
       1.35454550e+01, 1.65454540e+01, 2.74978352e+01, 3.80952377e+01,
       3.38181801e+01, 2.16666660e+01, 1.98311691e+01, 1.53506489e+01,
       9.79653645e+00, 1.34761906e+01, 1.84978352e+01, 2.61991348e+01,
       2.62510815e+01, 4.36709938e+01, 2.35497837e+01, 1.91904755e+01,
       2.34328995e+01, 2.19437237e+01, 14., 8.67099571e+00,
       1.65887451e+01, 1.17974030e+02, 2.65627708e+01, 9.97402573e+00,
       8.38961029e+00, 6.93939400e+00, 1.97792206e+01, 4.90562782e+01,
       8.91212158e+01, 2.61688309e+01, 7.44588757e+00, 6.41125536e+00,
       8.66666698e+00, 3.76233749e+01, 7.96493530e+01, 8.11255417e+01,
       5.32337646e+01, 2.01601734e+01, 1.55974026e+01, 1.06233768e+01,
       9.97402573e+00, 2.19437237e+01, 3.84891777e+01, 4.21731606e+01,
       3.00735931e+01, 4.98961029e+01, 1.64328995e+01, 8.97402573e+00,
       1.20259743e+01, 1.97532463e+01, 2.49783554e+01, 2.45670986e+01,
       2.45064926e+01, 1.31818176e+02, 5.13593063e+01, 1.08441563e+01,
       6.61904764e+00, 7.52380943e+00, 9.69264030e+00, 1.59653683e+01,
       5.02987022e+01, 6.11428566e+01, 2.31774883e+01, 1.62251091e+01,
       2.55108223e+01, 5.05714302e+01, 5.57792206e+01, 3.12380943e+01,
       2.37619057e+01, 1.72640686e+01, 1.12857141e+01, 1.06709957e+01,
       1.72554111e+01, 3.40952377e+01, 4.49177475e+01, 3.74588737e+01,
       2.18095245e+01, 2.95367966e+01, 1.30649347e+01, 8.29870129e+00,
       5.10389614e+00, 1.50086584e+01, 2.18658009e+01, 3.23766251e+01,
       3.07229443e+01, 9.07922058e+01, 4.12207794e+01, 1.44372292e+01,
       8.67532444e+00, 8.96536827e+00, 1.03636360e+01, 2.28701305e+01,
       4.62727280e+01, 5.33809509e+01, 3.23116875e+01, 2.23203468e+01,
       2.26666660e+01, 2.92164497e+01, 2.08744583e+01, 1.64025974e+01,
       2.34112549e+01, 1.48917751e+01, 1.25367966e+01, 1.90692635e+01,
       2.19653683e+01, 3.08398266e+01, 2.89870129e+01, 2.00303040e+01,
       1.54935064e+01, 2.82248993e+01, 9.73493958e+00, 7.09638548e+00,
       1.67148590e+01, 4.14457817e+01, 2.51887550e+01, 1.25943775e+01,
       1.60763054e+01, 4.49638519e+01, 1.68955822e+01, 1.06586342e+01,
       2.39477901e+01, 6.08674660e+01, 2.70923691e+01, 1.07831326e+01,
       1.51204815e+01, 1.13353409e+02, 3.39317245e+01, 8.55020046e+00,
       7.72690725e+00, 1.59879513e+01, 6.22088337e+00, 6.63052177e+00,
       3.06907616e+01, 5.15542145e+01, 1.53052206e+01, 5.37349367e+00,
       6.32128477e+00, 2.15582314e+01, 1.09236946e+01, 1.00562248e+01,
       1.86024094e+01, 3.76746979e+01, 1.46425695e+01, 9.86345387e+00,
       2.20763035e+01, 4.88835335e+01, 2.79598389e+01, 1.34497986e+01,
       1.62088356e+01, 5.51847382e+01, 1.63453808e+01, 1.25622482e+01,
       4.09638557e+01, 8.85742950e+01, 4.23252983e+01, 1.07469873e+01,
       1.14979916e+01, 1.36477905e+02, 3.86104393e+01, 7.47389507e+00,
       1.08192768e+01, 1.82128506e+01, 8.11646557e+00, 6.24096346e+00,
       2.86385536e+01, 6.58192749e+01, 1.72248993e+01, 6.19678688e+00,
       1.12449799e+01, 2.60682716e+01, 1.29036140e+01, 8.74698734e+00,
       1.72369480e+01, 3.66546173e+01, 1.47269068e+01, 1.38714857e+01,
       2.36224899e+01, 4.24096375e+01, 2.36706810e+01, 1.60843372e+01,
       1.93092365e+01, 5.00682716e+01, 9.59839344e+00, 8.79518032e+00,
       3.25461845e+01, 8.39518051e+01, 5.14417648e+01, 2.32329311e+01,
       2.35020065e+01, 1.32353409e+02, 2.62811241e+01, 4.64658594e+00,
       7.44979906e+00, 2.04979916e+01, 1.36867466e+01, 1.43212843e+01,
       4.54136543e+01, 6.38393555e+01, 1.97028103e+01, 9.62650585e+00,
       1.31164656e+01, 2.79959831e+01, 9.68273067e+00, 6.48594332e+00,
       1.85742970e+01, 2.77710838e+01, 1.42248993e+01, 1.33975897e+01,
       1.96867466e+01, 3.17831306e+01, 1.85783119e+01, 1.30040159e+01,
       1.60040150e+01, 3.88112450e+01, 1.34176702e+01, 1.18835335e+01,
       2.52489948e+01, 5.57148590e+01, 2.71606407e+01, 1.84698792e+01,
       2.16104412e+01, 9.49477844e+01, 2.77670670e+01, 8.16064262e+00,
       7.61445761e+00, 1.81124496e+01, 1.16465855e+01, 1.33534136e+01,
       3.50602379e+01, 4.77871475e+01, 1.83694763e+01, 1.09437742e+01,
       9.26907635e+00, 2.08192768e+01, 7.42971849e+00, 8.19678688e+00,
       1.93895569e+01, 2.88203888e+01, 3.31601944e+01, 3.14757290e+01,
       2.49660206e+01, 2.24466019e+01, 9.66990280e+00, 8.16990280e+00,
       1.15922327e+01, 8.49514542e+01, 5.17572823e+01, 2.76262131e+01,
       1.38300972e+01, 9.78155327e+00, 9.80097103e+00, 1.11407766e+01,
       3.30582542e+01, 5.39029121e+01, 3.14660206e+01, 2.22961159e+01,
       1.65970879e+01, 1.42572813e+01, 1.89466019e+01, 2.36407776e+01,
       3.10631065e+01, 1.66165047e+01, 1.91796112e+01, 2.14174767e+01,
       2.03834953e+01, 2.01699028e+01, 2.18203888e+01, 2.39951458e+01,
       1.45873785e+01, 4.33155327e+01, 2.50097084e+01, 2.82038841e+01,
       2.93640785e+01, 2.97135925e+01, 1.41310682e+01, 9.23300934e+00,
       1.41990290e+01, 1.27247574e+02, 5.09660187e+01, 1.83300972e+01,
       1.01893206e+01, 7.25728178e+00, 6.75242710e+00, 1.19368935e+01,
       5.17621346e+01, 6.16796112e+01, 2.95825253e+01, 3.55533981e+01,
       4.05631065e+01, 2.78786411e+01, 2.34077663e+01, 2.50776711e+01,
       2.69563103e+01, 2.15679607e+01, 2.79902916e+01, 4.08932037e+01,
       3.71504860e+01, 2.16213589e+01, 1.40825243e+01, 1.61359234e+01,
       1.27572813e+01, 3.54611664e+01, 1.55582523e+01, 1.13980579e+01,
       1.64757290e+01, 2.39805832e+01, 2.34417477e+01, 3.02961159e+01,
       2.60776711e+01, 1.11873787e+02, 8.07718430e+01, 4.50776711e+01,
       1.76213589e+01, 8.75242710e+00, 7.89805841e+00, 1.46407766e+01,
       3.31990280e+01, 3.29611664e+01, 5.56262131e+01, 8.29514542e+01,
       6.68592224e+01, 2.23640785e+01, 9.15534019e+00, 8.54368973e+00,
       1.23155336e+01, 2.72621365e+01, 3.49271851e+01, 4.94417496e+01,
       3.55145645e+01, 1.63009701e+01, 8.61650467e+00, 1.12281551e+01,
       1.81165047e+01, 2.16310673e+01, 1.58398056e+01, 1.46407766e+01,
       1.17912626e+01, 1.58834953e+01, 1.81699028e+01, 2.58203888e+01,
       2.25339813e+01, 3.24660187e+01, 2.81844654e+01, 2.64029121e+01,
       1.80242729e+01, 1.51504860e+01, 1.93446598e+01, 2.75000000e+01,
       3.03495140e+01, 2.67524281e+01, 3.32864075e+01, 3.80097084e+01,
       2.51747570e+01, 1.22281551e+01, 1.63786411e+01, 2.86310673e+01,
       2.69466019e+01, 2.46893215e+01, 2.70436897e+01, 3.02864075e+01,
       2.00485439e+01, 1.07524271e+01, 9.62135887e+00, 1.97281551e+01,
       2.03592243e+01, 1.98325577e+01, 1.28372097e+01, 1.44325581e+01,
       1.45674419e+01, 2.04325581e+01, 9.84651184e+00, 9.05581379e+00,
       9.88372135e+00, 5.42418594e+01, 2.41395340e+01, 1.47674417e+01,
       1.45023251e+01, 2.44883728e+01, 9.92558098e+00, 8.14418602e+00,
       1.57953491e+01, 9.88930206e+01, 2.76511631e+01, 7.50697660e+00,
       8.44651127e+00, 2.82046509e+01, 1.58604650e+01, 9.48372078e+00,
       3.17209301e+01, 2.02558136e+01, 7.04651165e+00, 6.42325592e+00,
       2.22372093e+01, 8.75069733e+01, 3.04697666e+01, 7.19069767e+00,
       9.63255787e+00, 2.59209309e+01, 1.65860462e+01, 1.50651159e+01,
       1.63999996e+01, 2.46465111e+01, 1.37860460e+01, 1.25581398e+01,
       1.44186049e+01, 6.92744217e+01, 2.63534889e+01, 1.99023247e+01,
       2.82232552e+01, 3.44000015e+01, 1.43627911e+01, 1.16883717e+01,
       1.56558142e+01, 1.33469772e+02, 3.89860458e+01, 7.57674408e+00,
       1.20139532e+01, 3.39209290e+01, 1.39209299e+01, 6.47441864e+00,
       3.01441860e+01, 2.66093025e+01, 6.53488350e+00, 4.25116301e+00,
